%YAML:1.0
K: !!opencv-matrix
   rows: 3
   cols: 3
   dt: d
   data: [ 8.3769737925956247e+02, 0., 3.3296486550136854e+02, 0.,
       8.3944865220434019e+02, 2.2037986827273829e+02, 0., 0., 1. ]
D: !!opencv-matrix
   rows: 1
   cols: 5
   dt: d
   data: [ -2.6828857159121696e-02, 2.6708947865565158e-01,
       -9.7177328921665869e-03, 6.4640223734406055e-03,
       1.0451491802287984e-01 ]
board_width: 9
board_height: 6
square_size: 6.2500000000000000e-02
