%YAML:1.0
K1: !!opencv-matrix
   rows: 3
   cols: 3
   dt: d
   data: [ 4.8345312419623457e+02, 0., 3.0097974567291391e+02, 0.,
       4.8338071633659280e+02, 2.5310389438458378e+02, 0., 0., 1. ]
K2: !!opencv-matrix
   rows: 3
   cols: 3
   dt: d
   data: [ 4.7824621650916731e+02, 0., 3.5063108723841884e+02, 0.,
       4.7807460524260841e+02, 2.3794822890304729e+02, 0., 0., 1. ]
D1: !!opencv-matrix
   rows: 1
   cols: 5
   dt: d
   data: [ -3.8799048347002291e-01, 1.0835950622709216e-01,
       1.0299613940870165e-03, 5.3623240433034068e-04,
       1.9322814206360864e-01 ]
D2: !!opencv-matrix
   rows: 1
   cols: 5
   dt: d
   data: [ -3.9331841446981086e-01, 1.1083993129177740e-01,
       2.9453323752922560e-04, -8.3407570776330791e-04,
       4.8729473051669692e-01 ]
R: !!opencv-matrix
   rows: 3
   cols: 3
   dt: d
   data: [ 9.9997521897412922e-01, -2.1413671506252657e-03,
       6.7064136741328238e-03, 2.1839223591181567e-03,
       9.9997748821941002e-01, -6.3445675604526094e-03,
       -6.6926766522607730e-03, 6.3590566223321850e-03,
       9.9995738433100356e-01 ]
T: [ 1.4685904203469335e-01, -1.0703988619270403e-03,
    -1.6097820202368592e-03 ]
E: !!opencv-matrix
   rows: 3
   cols: 3
   dt: d
   data: [ 1.0679472419127279e-05, 1.6029390542057480e-03,
       -1.0805666169484409e-03, -6.2686204638799387e-04,
       -9.3043782946227512e-04, -1.4686357940252176e-01,
       1.3911010818833910e-03, 1.4685344385920043e-01,
       -9.2457857648805793e-04 ]
F: !!opencv-matrix
   rows: 3
   cols: 3
   dt: d
   data: [ -1.0015352765775810e-08, -1.5034829684054047e-06,
       8.7346865500335642e-04, 5.8809067932548786e-07,
       8.7302107900259453e-07, 6.6212241153649695e-02,
       -7.6034024698743948e-04, -6.5555043076945249e-02, 1. ]
R1: !!opencv-matrix
   rows: 3
   cols: 3
   dt: d
   data: [ 9.9994603261133075e-01, -9.4986983232343142e-03,
       -4.2079205106251970e-03, 9.4853633213155524e-03,
       9.9994996371506439e-01, -3.1777270027337533e-03,
       4.2378942320681033e-03, 3.1376418542350152e-03,
       9.9998609763139823e-01 ]
R2: !!opencv-matrix
   rows: 3
   cols: 3
   dt: d
   data: [ 9.9991337306773820e-01, -7.2879825561247670e-03,
       -1.0960459413722857e-02, 7.3225571078924714e-03,
       9.9996832966157956e-01, 3.1176643873440592e-03,
       1.0937390808593166e-02, -3.1976529036280860e-03,
       9.9993507214129063e-01 ]
P1: !!opencv-matrix
   rows: 3
   cols: 4
   dt: d
   data: [ 3.4644045102261134e+02, 0., 3.2468525886535645e+02, 0., 0.,
       3.4644045102261134e+02, 2.4458967018127441e+02, 0., 0., 0., 1.,
       0. ]
P2: !!opencv-matrix
   rows: 3
   cols: 4
   dt: d
   data: [ 3.4644045102261134e+02, 0., 3.2468525886535645e+02,
       5.0882320538582420e+01, 0., 3.4644045102261134e+02,
       2.4458967018127441e+02, 0., 0., 0., 1., 0. ]
Q: !!opencv-matrix
   rows: 4
   cols: 4
   dt: d
   data: [ 1., 0., 0., -3.2468525886535645e+02, 0., 1., 0.,
       -2.4458967018127441e+02, 0., 0., 0., 3.4644045102261134e+02, 0.,
       0., -6.8086605987224331e+00, 0. ]
