%YAML:1.0
K1: !!opencv-matrix
   rows: 3
   cols: 3
   dt: d
   data: [ 1.0879125440265659e+03, 0., 6.9294255673651003e+02, 0.,
       1.0875818496217639e+03, 2.6413172136392456e+02, 0., 0., 1. ]
K2: !!opencv-matrix
   rows: 3
   cols: 3
   dt: d
   data: [ 1.1073244711612899e+03, 0., 5.8887456841193170e+02, 0.,
       1.1075569924724400e+03, 2.9531625657495056e+02, 0., 0., 1. ]
D1: !!opencv-matrix
   rows: 1
   cols: 5
   dt: d
   data: [ -4.5823533949721323e-01, 4.7132078602022492e-01,
       5.9499867933999846e-03, 3.5759679167076433e-04,
       -6.1245871820448916e-01 ]
D2: !!opencv-matrix
   rows: 1
   cols: 5
   dt: d
   data: [ -4.6273020924694275e-01, 3.6533896117822157e-01,
       9.4062612929941905e-03, -3.1652149242053771e-03,
       -2.8241890909261208e-01 ]
R: !!opencv-matrix
   rows: 3
   cols: 3
   dt: d
   data: [ 9.9997433575773687e-01, 7.0112960335919098e-03,
       1.4729405291069256e-03, -7.0210910581962856e-03,
       9.9995254593002669e-01, 6.7535300702991309e-03,
       -1.4255196334893470e-03, -6.7636983956454446e-03,
       9.9997610985352403e-01 ]
T: [ -1.6095677100120054e-01, 3.6510718362219832e-03,
    1.9812998451105811e-02 ]
E: !!opencv-matrix
   rows: 3
   cols: 3
   dt: d
   data: [ 1.3390419167530143e-04, -1.9836752992411975e-02,
       3.5171769307586883e-03, 1.9583042928308342e-02,
       -9.4974825633529049e-04, 1.6098210908878677e-01,
       -2.5208859885971820e-03, -1.6097473169281043e-01,
       -1.0924042046571113e-03 ]
F: !!opencv-matrix
   rows: 3
   cols: 3
   dt: d
   data: [ -2.5041769680664863e-08, 3.7108505446690731e-06,
       -1.6783822366209062e-03, -3.6615067149402536e-06,
       1.7763158749277004e-07, -3.0255176424629038e-02,
       1.6180831068271925e-03, 3.1107682746960064e-02, 1. ]
R1: !!opencv-matrix
   rows: 3
   cols: 3
   dt: d
   data: [ 9.9256405996151775e-01, -1.4723714787559830e-02,
       -1.2082962838461078e-01, 1.5106923181107863e-02,
       9.9988333885819070e-01, 2.2560021712428424e-03,
       1.2078231552966955e-01, -4.0645905883789201e-03,
       9.9267069633320004e-01 ]
R2: !!opencv-matrix
   rows: 3
   cols: 3
   dt: d
   data: [ 9.9225737937716718e-01, -2.2507925262121458e-02,
       -1.2214207453597323e-01, 2.2120336518187202e-02,
       9.9974505921950196e-01, -4.5284962754366066e-03,
       1.2221286259587669e-01, 1.7916100550187572e-03,
       9.9250229538753820e-01 ]
P1: !!opencv-matrix
   rows: 3
   cols: 4
   dt: d
   data: [ 8.6039849312972024e+02, 0., 7.6204799556732178e+02, 0., 0.,
       8.6039849312972024e+02, 2.8771698909997940e+02, 0., 0., 0., 1.,
       0. ]
P2: !!opencv-matrix
   rows: 3
   cols: 4
   dt: d
   data: [ 8.6039849312972024e+02, 0., 7.6204799556732178e+02,
       -1.3956758206765429e+02, 0., 8.6039849312972024e+02,
       2.8771698909997940e+02, 0., 0., 0., 1., 0. ]
Q: !!opencv-matrix
   rows: 4
   cols: 4
   dt: d
   data: [ 1., 0., 0., -7.6204799556732178e+02, 0., 1., 0.,
       -2.8771698909997940e+02, 0., 0., 0., 8.6039849312972024e+02, 0.,
       0., 6.1647445659168101e+00, 0. ]
