%YAML:1.0
K: !!opencv-matrix
   rows: 3
   cols: 3
   dt: d
   data: [ 1.0879125440265659e+03, 0., 6.9294255673651003e+02, 0.,
       1.0875818496217639e+03, 2.6413172136392456e+02, 0., 0., 1. ]
D: !!opencv-matrix
   rows: 1
   cols: 5
   dt: d
   data: [ -4.5823533949721323e-01, 4.7132078602022492e-01,
       5.9499867933999846e-03, 3.5759679167076433e-04,
       -6.1245871820448916e-01 ]
board_width: 9
board_height: 6
square_size: 6.2500000000000000e-02
