%YAML:1.0
K: !!opencv-matrix
   rows: 3
   cols: 3
   dt: d
   data: [ 4.8345312419623457e+02, 0., 3.0097974567291391e+02, 0.,
       4.8338071633659280e+02, 2.5310389438458378e+02, 0., 0., 1. ]
D: !!opencv-matrix
   rows: 1
   cols: 5
   dt: d
   data: [ -3.8799048347002291e-01, 1.0835950622709216e-01,
       1.0299613940870165e-03, 5.3623240433034068e-04,
       1.9322814206360864e-01 ]
board_width: 9
board_height: 6
square_size: 6.2500000000000000e-02
