%YAML:1.0
K: !!opencv-matrix
   rows: 3
   cols: 3
   dt: d
   data: [ 4.7824621650916731e+02, 0., 3.5063108723841884e+02, 0.,
       4.7807460524260841e+02, 2.3794822890304729e+02, 0., 0., 1. ]
D: !!opencv-matrix
   rows: 1
   cols: 5
   dt: d
   data: [ -3.9331841446981086e-01, 1.1083993129177740e-01,
       2.9453323752922560e-04, -8.3407570776330791e-04,
       4.8729473051669692e-01 ]
board_width: 9
board_height: 6
square_size: 6.2500000000000000e-02
