%YAML:1.0
K: !!opencv-matrix
   rows: 3
   cols: 3
   dt: d
   data: [ 1.1073244711612899e+03, 0., 5.8887456841193170e+02, 0.,
       1.1075569924724400e+03, 2.9531625657495056e+02, 0., 0., 1. ]
D: !!opencv-matrix
   rows: 1
   cols: 5
   dt: d
   data: [ -4.6273020924694275e-01, 3.6533896117822157e-01,
       9.4062612929941905e-03, -3.1652149242053771e-03,
       -2.8241890909261208e-01 ]
board_width: 9
board_height: 6
square_size: 6.2500000000000000e-02
