%YAML:1.0
K1: !!opencv-matrix
   rows: 3
   cols: 3
   dt: d
   data: [ 8.3769737925956247e+02, 0., 3.3296486550136854e+02, 0.,
       8.3944865220434019e+02, 2.2037986827273829e+02, 0., 0., 1. ]
K2: !!opencv-matrix
   rows: 3
   cols: 3
   dt: d
   data: [ 8.3879548525394500e+02, 0., 3.3398111921395758e+02, 0.,
       8.3946000650724545e+02, 2.2536577930766074e+02, 0., 0., 1. ]
D1: !!opencv-matrix
   rows: 1
   cols: 5
   dt: d
   data: [ -2.6828857159121696e-02, 2.6708947865565158e-01,
       -9.7177328921665869e-03, 6.4640223734406055e-03,
       1.0451491802287984e-01 ]
D2: !!opencv-matrix
   rows: 1
   cols: 5
   dt: d
   data: [ -4.9300441491541419e-02, 4.9252807414926075e-01,
       -6.7875516675835164e-03, 2.9535925955681704e-03,
       -1.1095291642891330e+00 ]
R: !!opencv-matrix
   rows: 3
   cols: 3
   dt: d
   data: [ 9.9970655359602223e-01, 1.6101767458966340e-02,
       -1.8098060168455637e-02, -1.6704069867604178e-02,
       9.9929452238330740e-01, -3.3636759424414318e-02,
       1.7543681113776154e-02, 3.3929200099841732e-02,
       9.9927024804782572e-01 ]
T: [ -1.8563143772281931e-01, -1.3618264420794340e-03,
    4.0187139249843540e-03 ]
E: !!opencv-matrix
   rows: 3
   cols: 3
   dt: d
   data: [ 4.3237429348702525e-05, -4.0620844941169553e-03,
       -1.2256561330845615e-03, 7.2741933959353912e-03,
       6.3630345924230534e-03, 1.8542324189234197e-01,
       4.4622273243529516e-03, -1.8547855108586156e-01,
       6.2193935954028747e-03 ]
F: !!opencv-matrix
   rows: 3
   cols: 3
   dt: d
   data: [ 1.3220178883183231e-08, -1.2394226819825340e-06,
       -4.5188369893791393e-05, 2.2223803245931775e-06,
       1.9399513777281152e-06, 4.6287814896888733e-02,
       6.3915571652557225e-04, -4.7493367904566285e-02, 1. ]
R1: !!opencv-matrix
   rows: 3
   cols: 3
   dt: d
   data: [ 9.9894327150324769e-01, 2.2692319334994545e-02,
       -3.9967473795417756e-02, -2.3366757265862282e-02,
       9.9959096854186003e-01, -1.6489095318551326e-02,
       3.9576950024819299e-02, 1.7405581080349796e-02,
       9.9906491819800591e-01 ]
R2: !!opencv-matrix
   rows: 3
   cols: 3
   dt: d
   data: [ 9.9973885538701446e-01, 7.3342685115280158e-03,
       -2.1643233003940790e-02, -6.9662984062279663e-03,
       9.9983073916601017e-01, 1.7028320682462076e-02,
       2.1764459928457870e-02, -1.6873100608666671e-02,
       9.9962073145762254e-01 ]
P1: !!opencv-matrix
   rows: 3
   cols: 4
   dt: d
   data: [ 8.3006340562393871e+02, 0., 3.6401086807250977e+02, 0., 0.,
       8.3006340562393871e+02, 2.2016919136047363e+02, 0., 0., 0., 1.,
       0. ]
P2: !!opencv-matrix
   rows: 3
   cols: 4
   dt: d
   data: [ 8.3006340562393871e+02, 0., 3.6401086807250977e+02,
       -1.5412611259109502e+02, 0., 8.3006340562393871e+02,
       2.2016919136047363e+02, 0., 0., 0., 1., 0. ]
Q: !!opencv-matrix
   rows: 4
   cols: 4
   dt: d
   data: [ 1., 0., 0., -3.6401086807250977e+02, 0., 1., 0.,
       -2.2016919136047363e+02, 0., 0., 0., 8.3006340562393871e+02, 0.,
       0., 5.3856117673333017e+00, 0. ]
